Area Unit Code	Population day	LandAreaSQKM //For area units that are only partly in selection, only MB that are in selection are included, removed points with either zero population or zero land area
508803	147	0.03132846
523818	804	4.73054403
511100	1953	0.69846462
511902	3591	1.55474937
521301	750	3.5963026
508805	234	0.07054667
508411	5109	1.72232404
523813	639	3.98366166
508520	6690	1.98519542
508420	6402	2.34822449
507710	2586	0.96329918
523202	21	0.82941735
507720	3525	0.93032637
511402	4383	1.31759701
513511	1353	1.09557917
507900	5223	3.65959446
508020	5835	1.76127116
508320	4299	2.03095085
509701	4500	1.38193613
510220	4155	1.38362263
510700	5841	2.05838267
511302	2751	0.68930365
511401	4452	1.29629326
513512	2856	0.89641308
513211	2301	0.63375886
513213	3084	0.84921135
513301	3801	2.71807321
513521	4923	1.65148763
513631	5751	1.72804914
514000	3753	1.00199992
514102	11700	1.16665552
514103	10089	0.92579466
514200	1647	0.43237576
514700	6138	2.44996906
514801	4554	3.57682476
515801	3777	1.10590321
515802	3630	0.95120352
516001	1386	0.90348814
516101	3354	0.91484037
516102	3936	1.56212114
516601	3336	1.07429764
516602	3765	1.3068341
517702	4845	1.05566835
517703	3267	0.71518399
519200	4776	1.31730415
519900	4050	0.90861137
520301	1674	2.39320086
520500	5589	6.72672419
520601	4473	1.50958818
521201	1668	7.43891347
522722	4203	1.35147742
522920	4386	1.50608495
523110	2745	1.15564943
523112	39	5.50504781
525620	1905	0.71123697
523113	4620	3.81676423
523116	2532	0.83151701
523912	4575	5.08861183
524001	3318	3.11483435
524122	3984	0.94253483
524200	7116	28.23702322
524301	5997	1.72813365
524302	5406	1.27486669
524303	6084	1.85890991
524403	2670	0.85940911
524510	3615	0.94437292
524604	642	16.38071093
524720	6135	1.64762345
524811	4188	1.22166828
524901	5211	1.86197844
525001	4461	1.23896125
525002	2451	0.89902077
525530	3162	1.36006736
525700	2475	1.7287024
517001	4437	1.80102858
522202	4788	1.42074028
522301	3696	1.0787858
508610	4845	1.57399147
522302	5577	1.46537439
522400	4461	1.00160752
508620	3198	1.33398914
509702	4392	2.02700117
513012	2439	1.03640365
507800	5190	1.74801904
508210	4560	1.48982533
508010	3153	1.22027716
508220	3615	1.83023737
508110	3468	1.36438853
508310	4800	1.38327193
508120	2517	0.97423857
508412	3138	1.00971831
508510	5736	1.71947885
509300	3717	1.73307611
511601	4428	1.46578899
509400	5349	1.84149618
509500	2193	1.05786476
509800	4245	1.7624782
510010	5439	1.80856642
510020	4689	1.86030357
520202	2133	1.34897935
510210	3009	1.00681014
510401	3894	1.89519192
512100	4161	2.16849841
510402	3819	3.2760189
520302	2958	0.98032148
510500	4158	1.62301183
512402	3867	1.3631497
510800	4629	3.12182015
511301	2580	0.67074015
520303	3198	1.01793296
511303	2277	1.70577672
520401	4551	1.64537691
511602	2691	1.0985807
512201	3030	1.10867434
511700	4443	1.58023364
512202	4539	1.60770317
512401	3459	1.06450261
520402	5244	1.36500303
512300	4917	2.74434381
512500	6297	2.08042422
523102	4344	1.8422636
513011	2205	0.72990821
523601	3303	0.80187024
523602	4044	0.98687773
513214	3027	0.98694213
513302	4710	1.91609272
517903	4281	1.19252499
513610	348	2.91703696
523711	4437	2.85506069
517800	5664	1.93575504
517002	2727	1.13320006
513530	6147	2.46794241
517500	4614	1.26046281
513622	1461	1.74966614
517600	4680	1.17929364
517701	3201	0.81975769
513632	4005	1.31658925
518202	2673	0.73852241
514101	4506	1.88788419
514301	3387	0.52817856
514302	1071	0.39730564
514401	5265	1.45852263
514500	6474	1.8157389
514402	6381	1.73406816
515302	3324	0.71655546
515410	3456	0.83155154
518301	3921	1.01115007
514600	5460	1.4541974
515420	3246	0.78483356
515431	2760	1.22282313
515432	801	0.20061831
514802	4854	1.592382
515500	1563	0.4985712
515600	2568	0.46815936
515700	3630	1.37403651
514900	3333	1.11840002
516003	4317	1.87915581
515001	3630	1.25577293
516700	4830	1.82224689
515002	4536	1.46048448
515003	1644	1.28579877
515100	5082	2.11185609
518302	4824	1.10603676
515201	2757	0.82001647
515202	2922	0.94110564
515301	2454	0.70695556
515901	2322	0.88321457
515902	4755	2.10826997
516002	3906	1.1215156
523712	6765	3.44768573
516201	3438	1.35472414
516202	4248	1.37107453
518500	5448	1.8149024
516301	6588	2.26668478
516302	5106	2.50191852
518600	5592	1.55801137
516400	5496	3.03352869
516500	5478	2.1305004
516800	4311	2.04093189
516900	6072	2.47984904
517100	4308	1.49272986
517201	2778	0.9015511
517202	2235	1.06181294
517400	2964	0.72837871
517901	2832	1.06303326
518701	7353	2.03010576
517902	2547	0.81913702
518101	3225	0.90383661
518102	2775	0.86068957
518201	5439	1.39765053
518702	4281	2.16199879
518801	3921	1.14975953
518802	2880	1.18068014
518803	5577	2.10202018
518901	5691	2.06434731
519820	3537	1.57039454
518902	4224	1.72931637
519001	3567	1.42590068
520000	3387	2.52475837
519002	4545	1.40819376
519300	2664	3.05866234
519400	5751	1.6043002
520201	6540	1.71744474
519500	687	4.27648295
519710	3768	0.8029882
519720	3585	0.8709135
519810	3846	1.69242778
520602	2787	1.06744163
523713	5124	9.70747978
523721	4176	0.92210847
521501	3198	1.42821307
523722	4863	1.54687227
521502	4755	1.96084587
521601	2706	0.78901302
521602	6399	1.83323894
521801	2958	0.6640115
521802	3552	0.8998087
521901	4911	2.43886477
521803	2094	0.78324925
521902	108	0.70684871
522100	5883	1.43385622
522201	5703	1.39367701
522601	5076	2.56436448
522603	1866	0.78495045
522604	2661	0.92118511
522711	3291	0.99360734
522712	4023	1.12045171
522721	1359	0.42957161
522723	2961	1.79065995
523819	873	1.57453325
522730	3705	1.24882292
522810	4419	1.45101166
522820	3357	1.62660417
522910	3543	1.25610527
523000	5166	1.49026464
523101	4962	1.52362016
523105	2376	1.4321422
523106	4953	1.61661797
523820	6471	3.9148596
523107	1653	0.78356682
523109	3861	1.42124443
523114	5250	4.48866558
523115	6759	1.72770725
523201	2133	0.99918445
523402	3012	1.54086019
523403	1188	0.35150735
523404	669	1.06250065
523501	1668	1.20998137
523502	4428	1.18140423
523814	6024	2.68983616
523816	3537	0.94818315
523817	2241	0.50323179
523911	3678	4.92555262
524002	5955	3.31455279
524111	2901	0.98668726
523920	4629	2.35401024
524112	3834	1.24255474
524121	2049	0.71603752
524402	156	1.87001767
524405	3291	0.63568382
524520	4893	1.11365794
524404	2556	1.10911248
525410	2100	1.07195448
524530	5046	1.05982973
524602	3954	3.44049828
524603	2898	1.65684496
524711	3366	0.64850809
524712	2052	0.47925687
524713	3126	0.6896057
524812	4986	1.61042858
524821	2832	0.74920254
524822	4965	1.05668039
524902	2511	0.82850153
525101	5271	1.94633912
525102	7380	3.14417674
525420	2526	1.15733534
525510	1677	1.95689351
525520	2604	1.10872124
525540	3051	1.20714963
525610	6042	1.64653583
525630	4212	1.38069021
513212	2667	0.70145202
513013	2829	0.69944252
513621	27	0.48845982
512903	1164	0.45112547
513220	6864	3.26396617
511800	3954	1.51684467